param baseMVA := 100; 
param nv := 9; 
param ne := 9; 
param ng := 3; 

set gi := 1  1  2  1  3  1 ; 

param slack := 1; 
param angslack := 0.00000000; 

param pL :=1 0.00000000 2 0.00000000 3 0.00000000 4 0.00000000 5 0.90000000 6 0.00000000 7 1.00000000 8 0.00000000 9 1.25000000 ; 
param qL :=1 0.00000000 2 0.00000000 3 0.00000000 4 0.00000000 5 0.30000000 6 0.00000000 7 0.35000000 8 0.00000000 9 0.50000000 ; 

param vL :=1 0.90000000 2 0.90000000 3 0.90000000 4 0.90000000 5 0.90000000 6 0.90000000 7 0.90000000 8 0.90000000 9 0.90000000 ; 
param vU :=1 1.10000000 2 1.10000000 3 1.10000000 4 1.10000000 5 1.10000000 6 1.10000000 7 1.10000000 8 1.10000000 9 1.10000000 ; 

param gs :=1 0.00000000 2 0.00000000 3 0.00000000 4 0.00000000 5 0.00000000 6 0.00000000 7 0.00000000 8 0.00000000 9 0.00000000 ; 
param bs :=1 0.00000000 2 0.00000000 3 0.00000000 4 0.00000000 5 0.00000000 6 0.00000000 7 0.00000000 8 0.00000000 9 0.00000000 ; 

param fr :=1 1 2 4 3 5 4 3 5 6 6 7 7 8 8 8 9 9 ; 
param to :=1 4 2 5 3 6 4 6 5 7 6 8 7 2 8 9 9 4 ; 

param Y : Y11r Y11i Y12r Y12i Y21r Y21i Y22r Y22i := 
1 0.00000000 17.36111111 0.00000000 17.36111111 0.00000000 17.36111111 0.00000000 17.36111111 
2 1.94219125 10.43168205 1.94219125 10.51068205 1.94219125 10.51068205 1.94219125 10.43168205 
3 1.28200914 5.40924496 1.28200914 5.58824496 1.28200914 5.58824496 1.28200914 5.40924496 
4 0.00000000 17.06484642 0.00000000 17.06484642 0.00000000 17.06484642 0.00000000 17.06484642 
5 1.15508748 9.67977043 1.15508748 9.78427043 1.15508748 9.78427043 1.15508748 9.67977043 
6 1.61712247 13.62347860 1.61712247 13.69797860 1.61712247 13.69797860 1.61712247 13.62347860 
7 0.00000000 16.00000000 0.00000000 16.00000000 0.00000000 16.00000000 0.00000000 16.00000000 
8 1.18760438 5.82213453 1.18760438 5.97513453 1.18760438 5.97513453 1.18760438 5.82213453 
9 1.36518771 11.51609556 1.36518771 11.60409556 1.36518771 11.60409556 1.36518771 11.51609556 
; 
param e_con :=1 0.00000000 2 1.94219125 3 1.28200914 4 0.00000000 5 1.15508748 6 1.61712247 7 0.00000000 8 1.18760438 9 1.36518771 ; 
param e_sus :=1 -17.36111111 2 -10.51068205 3 -5.58824496 4 -17.06484642 5 -9.78427043 6 -13.69797860 7 -16.00000000 8 -5.97513453 9 -11.60409556 ; 
param e_bsh :=1 0.00000000 2 0.15800000 3 0.35800000 4 0.00000000 5 0.20900000 6 0.14900000 7 0.00000000 8 0.30600000 9 0.17600000 ; 
param e_su :=1 2.50000000 2 2.50000000 3 1.50000000 4 3.00000000 5 1.50000000 6 2.50000000 7 2.50000000 8 2.50000000 9 2.50000000 ; 

param e_dl :=1 -6.28318531 2 -6.28318531 3 -6.28318531 4 -6.28318531 5 -6.28318531 6 -6.28318531 7 -6.28318531 8 -6.28318531 9 -6.28318531 ; 
param e_du :=1 6.28318531 2 6.28318531 3 6.28318531 4 6.28318531 5 6.28318531 6 6.28318531 7 6.28318531 8 6.28318531 9 6.28318531 ; 

param pGl :=1 1 0.10000000 2 1 0.10000000 3 1 0.10000000 ; 
param pGu :=1 1 2.50000000 2 1 3.00000000 3 1 2.70000000 ; 
param qGl :=1 1 -3.00000000 2 1 -3.00000000 3 1 -3.00000000 ; 
param qGu :=1 1 3.00000000 2 1 3.00000000 3 1 3.00000000 ; 

param c2 :=1 1 1100.00000000 2 1 850.00000000 3 1 1225.00000000 ; 
param c1 :=1 1 500.00000000 2 1 120.00000000 3 1 100.00000000 ; 
param c0 :=1 1 150.00000000 2 1 600.00000000 3 1 335.00000000 ; 
