param baseMVA := 100; 
param nv := 14; 
param ne := 20; 
param ng := 5; 

set gi := 1  1  2  1  3  1  6  1  8  1 ; 

param slack := 1; 
param angslack := 0.00000000; 

param pL :=1 0.00000000 2 0.21700000 3 0.94200000 4 0.47800000 5 0.07600000 6 0.11200000 7 0.00000000 8 0.00000000 9 0.29500000 10 0.09000000 11 0.03500000 12 0.06100000 13 0.13500000 14 0.14900000 ; 
param qL :=1 0.00000000 2 0.12700000 3 0.19000000 4 -0.03900000 5 0.01600000 6 0.07500000 7 0.00000000 8 0.00000000 9 0.16600000 10 0.05800000 11 0.01800000 12 0.01600000 13 0.05800000 14 0.05000000 ; 

param vL :=1 0.94000000 2 0.94000000 3 0.94000000 4 0.94000000 5 0.94000000 6 0.94000000 7 0.94000000 8 0.94000000 9 0.94000000 10 0.94000000 11 0.94000000 12 0.94000000 13 0.94000000 14 0.94000000 ; 
param vU :=1 1.06000000 2 1.06000000 3 1.06000000 4 1.06000000 5 1.06000000 6 1.06000000 7 1.06000000 8 1.06000000 9 1.06000000 10 1.06000000 11 1.06000000 12 1.06000000 13 1.06000000 14 1.06000000 ; 

param gs :=1 0.00000000 2 0.00000000 3 0.00000000 4 0.00000000 5 0.00000000 6 0.00000000 7 0.00000000 8 0.00000000 9 0.00000000 10 0.00000000 11 0.00000000 12 0.00000000 13 0.00000000 14 0.00000000 ; 
param bs :=1 0.00000000 2 0.00000000 3 0.00000000 4 0.00000000 5 0.00000000 6 0.00000000 7 0.00000000 8 0.00000000 9 0.19000000 10 0.00000000 11 0.00000000 12 0.00000000 13 0.00000000 14 0.00000000 ; 

param fr :=1 1 2 1 3 2 4 2 5 2 6 3 7 4 8 4 9 4 10 5 11 6 12 6 13 6 14 7 15 7 16 9 17 9 18 10 19 12 20 13 ; 
param to :=1 2 2 5 3 3 4 4 5 5 6 4 7 5 8 7 9 9 10 6 11 11 12 12 13 13 14 8 15 9 16 10 17 14 18 11 19 13 20 14 ; 

param Y : Y11r Y11i Y12r Y12i Y21r Y21i Y22r Y22i := 
1 4.99913160 15.23668652 4.99913160 15.26308652 4.99913160 15.26308652 4.99913160 15.23668652 
2 1.02589745 4.21038368 1.02589745 4.23498368 1.02589745 4.23498368 1.02589745 4.21038368 
3 1.13501919 4.75996315 1.13501919 4.78186315 1.13501919 4.78186315 1.13501919 4.75996315 
4 1.68603315 5.09883833 1.68603315 5.11583833 1.68603315 5.11583833 1.68603315 5.09883833 
5 1.70113967 5.17662740 1.70113967 5.19392740 1.70113967 5.19392740 1.70113967 5.17662740 
6 1.98597571 5.06241698 1.98597571 5.06881698 1.98597571 5.06881698 1.98597571 5.06241698 
7 6.84098066 21.57855398 6.84098066 21.57855398 6.84098066 21.57855398 6.84098066 21.57855398 
8 0.00000000 4.99950170 0.00000000 4.88951266 0.00000000 4.88951266 0.00000000 4.78194338 
9 0.00000000 1.91486022 0.00000000 1.85549956 0.00000000 1.85549956 0.00000000 1.79797907 
10 0.00000000 4.56807439 0.00000000 4.25744534 0.00000000 4.25744534 0.00000000 3.96793905 
11 1.95502856 4.09407434 1.95502856 4.09407434 1.95502856 4.09407434 1.95502856 4.09407434 
12 1.52596744 3.17596397 1.52596744 3.17596397 1.52596744 3.17596397 1.52596744 3.17596397 
13 3.09892740 6.10275545 3.09892740 6.10275545 3.09892740 6.10275545 3.09892740 6.10275545 
14 0.00000000 5.67697985 0.00000000 5.67697985 0.00000000 5.67697985 0.00000000 5.67697985 
15 0.00000000 9.09008272 0.00000000 9.09008272 0.00000000 9.09008272 0.00000000 9.09008272 
16 3.90204955 10.36539413 3.90204955 10.36539413 3.90204955 10.36539413 3.90204955 10.36539413 
17 1.42400549 3.02905046 1.42400549 3.02905046 1.42400549 3.02905046 1.42400549 3.02905046 
18 1.88088475 4.40294375 1.88088475 4.40294375 1.88088475 4.40294375 1.88088475 4.40294375 
19 2.48902459 2.25197463 2.48902459 2.25197463 2.48902459 2.25197463 2.48902459 2.25197463 
20 1.13699416 2.31496348 1.13699416 2.31496348 1.13699416 2.31496348 1.13699416 2.31496348 
; 
param e_con :=1 4.99913160 2 1.02589745 3 1.13501919 4 1.68603315 5 1.70113967 6 1.98597571 7 6.84098066 8 0.00000000 9 0.00000000 10 0.00000000 11 1.95502856 12 1.52596744 13 3.09892740 14 0.00000000 15 0.00000000 16 3.90204955 17 1.42400549 18 1.88088475 19 2.48902459 20 1.13699416 ; 
param e_sus :=1 -15.26308652 2 -4.23498368 3 -4.78186315 4 -5.11583833 5 -5.19392740 6 -5.06881698 7 -21.57855398 8 -4.78194338 9 -1.79797907 10 -3.96793905 11 -4.09407434 12 -3.17596397 13 -6.10275545 14 -5.67697985 15 -9.09008272 16 -10.36539413 17 -3.02905046 18 -4.40294375 19 -2.25197463 20 -2.31496348 ; 
param e_bsh :=1 0.05280000 2 0.04920000 3 0.04380000 4 0.03400000 5 0.03460000 6 0.01280000 7 0.00000000 8 0.00000000 9 0.00000000 10 0.00000000 11 0.00000000 12 0.00000000 13 0.00000000 14 0.00000000 15 0.00000000 16 0.00000000 17 0.00000000 18 0.00000000 19 0.00000000 20 0.00000000 ; 
param e_su :=1 0.00000000 2 0.00000000 3 0.00000000 4 0.00000000 5 0.00000000 6 0.00000000 7 0.00000000 8 0.00000000 9 0.00000000 10 0.00000000 11 0.00000000 12 0.00000000 13 0.00000000 14 0.00000000 15 0.00000000 16 0.00000000 17 0.00000000 18 0.00000000 19 0.00000000 20 0.00000000 ; 

param e_dl :=1 -6.28318531 2 -6.28318531 3 -6.28318531 4 -6.28318531 5 -6.28318531 6 -6.28318531 7 -6.28318531 8 -6.28318531 9 -6.28318531 10 -6.28318531 11 -6.28318531 12 -6.28318531 13 -6.28318531 14 -6.28318531 15 -6.28318531 16 -6.28318531 17 -6.28318531 18 -6.28318531 19 -6.28318531 20 -6.28318531 ; 
param e_du :=1 6.28318531 2 6.28318531 3 6.28318531 4 6.28318531 5 6.28318531 6 6.28318531 7 6.28318531 8 6.28318531 9 6.28318531 10 6.28318531 11 6.28318531 12 6.28318531 13 6.28318531 14 6.28318531 15 6.28318531 16 6.28318531 17 6.28318531 18 6.28318531 19 6.28318531 20 6.28318531 ; 

param pGl :=1 1 0.00000000 2 1 0.00000000 3 1 0.00000000 6 1 0.00000000 8 1 0.00000000 ; 
param pGu :=1 1 3.32400000 2 1 1.40000000 3 1 1.00000000 6 1 1.00000000 8 1 1.00000000 ; 
param qGl :=1 1 0.00000000 2 1 -0.40000000 3 1 0.00000000 6 1 -0.06000000 8 1 -0.06000000 ; 
param qGu :=1 1 0.10000000 2 1 0.50000000 3 1 0.40000000 6 1 0.24000000 8 1 0.24000000 ; 

param c2 :=1 1 430.29259900 2 1 2500.00000000 3 1 100.00000000 6 1 100.00000000 8 1 100.00000000 ; 
param c1 :=1 1 2000.00000000 2 1 2000.00000000 3 1 4000.00000000 6 1 4000.00000000 8 1 4000.00000000 ; 
param c0 :=1 1 0.00000000 2 1 0.00000000 3 1 0.00000000 6 1 0.00000000 8 1 0.00000000 ; 
