param baseMVA := 100; 
param nv := 5; 
param ne := 6; 
param ng := 5; 

set gi := 1  1  1  2  3  1  4  1  5  1 ; 

param slack := 4; 
param angslack := 0.00000000; 

param pL :=1 0.00000000 2 3.00000000 3 3.00000000 4 4.00000000 5 0.00000000 ; 
param qL :=1 0.00000000 2 0.98610000 3 0.98610000 4 1.31470000 5 0.00000000 ; 

param vL :=1 0.90000000 2 0.90000000 3 0.90000000 4 0.90000000 5 0.90000000 ; 
param vU :=1 1.10000000 2 1.10000000 3 1.10000000 4 1.10000000 5 1.10000000 ; 

param gs :=1 0.00000000 2 0.00000000 3 0.00000000 4 0.00000000 5 0.00000000 ; 
param bs :=1 0.00000000 2 0.00000000 3 0.00000000 4 0.00000000 5 0.00000000 ; 

param fr :=1 1 2 1 3 1 4 2 5 3 6 4 ; 
param to :=1 2 2 4 3 5 4 3 5 4 6 5 ; 

param Y : Y11r Y11i Y12r Y12i Y21r Y21i Y22r Y22i := 
1 3.52348402 35.23128021 3.52348402 35.23484021 3.52348402 35.23484021 3.52348402 35.23128021 
2 3.25690464 32.56575638 3.25690464 32.56904638 3.25690464 32.56904638 3.25690464 32.56575638 
3 15.47029703 154.68734030 15.47029703 154.70297030 15.47029703 154.70297030 15.47029703 154.68734030 
4 9.16758343 91.66657425 9.16758343 91.67583425 9.16758343 91.67583425 9.16758343 91.66657425 
5 3.33366670 33.33329700 3.33366670 33.33666700 3.33366670 33.33666700 3.33366670 33.33329700 
6 3.33366670 33.33329700 3.33366670 33.33666700 3.33366670 33.33666700 3.33366670 33.33329700 
; 
param e_con :=1 3.52348402 2 3.25690464 3 15.47029703 4 9.16758343 5 3.33366670 6 3.33366670 ; 
param e_sus :=1 -35.23484021 2 -32.56904638 3 -154.70297030 4 -91.67583425 5 -33.33666700 6 -33.33666700 ; 
param e_bsh :=1 0.00712000 2 0.00658000 3 0.03126000 4 0.01852000 5 0.00674000 6 0.00674000 ; 
param e_su :=1 4.00000000 2 0.00000000 3 0.00000000 4 0.00000000 5 0.00000000 6 2.40000000 ; 

param e_dl :=1 -6.28318531 2 -6.28318531 3 -6.28318531 4 -6.28318531 5 -6.28318531 6 -6.28318531 ; 
param e_du :=1 6.28318531 2 6.28318531 3 6.28318531 4 6.28318531 5 6.28318531 6 6.28318531 ; 

param pGl :=1 1 0.00000000 1 2 0.00000000 3 1 0.00000000 4 1 0.00000000 5 1 0.00000000 ; 
param pGu :=1 1 0.40000000 1 2 1.70000000 3 1 5.20000000 4 1 2.00000000 5 1 6.00000000 ; 
param qGl :=1 1 -0.30000000 1 2 -1.27500000 3 1 -3.90000000 4 1 -1.50000000 5 1 -4.50000000 ; 
param qGu :=1 1 0.30000000 1 2 1.27500000 3 1 3.90000000 4 1 1.50000000 5 1 4.50000000 ; 

param c2 :=1 1 0.00000000 1 2 0.00000000 3 1 0.00000000 4 1 0.00000000 5 1 0.00000000 ; 
param c1 :=1 1 1400.00000000 1 2 1500.00000000 3 1 3000.00000000 4 1 4000.00000000 5 1 1000.00000000 ; 
param c0 :=1 1 0.00000000 1 2 0.00000000 3 1 0.00000000 4 1 0.00000000 5 1 0.00000000 ; 
