param baseMVA := 100; 
param nv := 118; 
param ne := 186; 
param ng := 54; 

set gi := 1  1  4  1  6  1  8  1  10  1  12  1  15  1  18  1  19  1  24  1  25  1  26  1  27  1  31  1  32  1  34  1  36  1  40  1  42  1  46  1  49  1  54  1  55  1  56  1  59  1  61  1  62  1  65  1  66  1  69  1  70  1  72  1  73  1  74  1  76  1  77  1  80  1  85  1  87  1  89  1  90  1  91  1  92  1  99  1  100  1  103  1  104  1  105  1  107  1  110  1  111  1  112  1  113  1  116  1 ; 

param slack := 69; 
param angslack := 0.52359878; 

param pL :=1 0.51000000 2 0.20000000 3 0.39000000 4 0.39000000 5 0.00000000 6 0.52000000 7 0.19000000 8 0.28000000 9 0.00000000 10 0.00000000 11 0.70000000 12 0.47000000 13 0.34000000 14 0.14000000 15 0.90000000 16 0.25000000 17 0.11000000 18 0.60000000 19 0.45000000 20 0.18000000 21 0.14000000 22 0.10000000 23 0.07000000 24 0.13000000 25 0.00000000 26 0.00000000 27 0.71000000 28 0.17000000 29 0.24000000 30 0.00000000 31 0.43000000 32 0.59000000 33 0.23000000 34 0.59000000 35 0.33000000 36 0.31000000 37 0.00000000 38 0.00000000 39 0.27000000 40 0.66000000 41 0.37000000 42 0.96000000 43 0.18000000 44 0.16000000 45 0.53000000 46 0.28000000 47 0.34000000 48 0.20000000 49 0.87000000 50 0.17000000 51 0.17000000 52 0.18000000 53 0.23000000 54 1.13000000 55 0.63000000 56 0.84000000 57 0.12000000 58 0.12000000 59 2.77000000 60 0.78000000 61 0.00000000 62 0.77000000 63 0.00000000 64 0.00000000 65 0.00000000 66 0.39000000 67 0.28000000 68 0.00000000 69 0.00000000 70 0.66000000 71 0.00000000 72 0.12000000 73 0.06000000 74 0.68000000 75 0.47000000 76 0.68000000 77 0.61000000 78 0.71000000 79 0.39000000 80 1.30000000 81 0.00000000 82 0.54000000 83 0.20000000 84 0.11000000 85 0.24000000 86 0.21000000 87 0.00000000 88 0.48000000 89 0.00000000 90 1.63000000 91 0.10000000 92 0.65000000 93 0.12000000 94 0.30000000 95 0.42000000 96 0.38000000 97 0.15000000 98 0.34000000 99 0.42000000 100 0.37000000 101 0.22000000 102 0.05000000 103 0.23000000 104 0.38000000 105 0.31000000 106 0.43000000 107 0.50000000 108 0.02000000 109 0.08000000 110 0.39000000 111 0.00000000 112 0.68000000 113 0.06000000 114 0.08000000 115 0.22000000 116 1.84000000 117 0.20000000 118 0.33000000 ; 
param qL :=1 0.27000000 2 0.09000000 3 0.10000000 4 0.12000000 5 0.00000000 6 0.22000000 7 0.02000000 8 0.00000000 9 0.00000000 10 0.00000000 11 0.23000000 12 0.10000000 13 0.16000000 14 0.01000000 15 0.30000000 16 0.10000000 17 0.03000000 18 0.34000000 19 0.25000000 20 0.03000000 21 0.08000000 22 0.05000000 23 0.03000000 24 0.00000000 25 0.00000000 26 0.00000000 27 0.13000000 28 0.07000000 29 0.04000000 30 0.00000000 31 0.27000000 32 0.23000000 33 0.09000000 34 0.26000000 35 0.09000000 36 0.17000000 37 0.00000000 38 0.00000000 39 0.11000000 40 0.23000000 41 0.10000000 42 0.23000000 43 0.07000000 44 0.08000000 45 0.22000000 46 0.10000000 47 0.00000000 48 0.11000000 49 0.30000000 50 0.04000000 51 0.08000000 52 0.05000000 53 0.11000000 54 0.32000000 55 0.22000000 56 0.18000000 57 0.03000000 58 0.03000000 59 1.13000000 60 0.03000000 61 0.00000000 62 0.14000000 63 0.00000000 64 0.00000000 65 0.00000000 66 0.18000000 67 0.07000000 68 0.00000000 69 0.00000000 70 0.20000000 71 0.00000000 72 0.00000000 73 0.00000000 74 0.27000000 75 0.11000000 76 0.36000000 77 0.28000000 78 0.26000000 79 0.32000000 80 0.26000000 81 0.00000000 82 0.27000000 83 0.10000000 84 0.07000000 85 0.15000000 86 0.10000000 87 0.00000000 88 0.10000000 89 0.00000000 90 0.42000000 91 0.00000000 92 0.10000000 93 0.07000000 94 0.16000000 95 0.31000000 96 0.15000000 97 0.09000000 98 0.08000000 99 0.00000000 100 0.18000000 101 0.15000000 102 0.03000000 103 0.16000000 104 0.25000000 105 0.26000000 106 0.16000000 107 0.12000000 108 0.01000000 109 0.03000000 110 0.30000000 111 0.00000000 112 0.13000000 113 0.00000000 114 0.03000000 115 0.07000000 116 0.00000000 117 0.08000000 118 0.15000000 ; 

param vL :=1 0.94000000 2 0.94000000 3 0.94000000 4 0.94000000 5 0.94000000 6 0.94000000 7 0.94000000 8 0.94000000 9 0.94000000 10 0.94000000 11 0.94000000 12 0.94000000 13 0.94000000 14 0.94000000 15 0.94000000 16 0.94000000 17 0.94000000 18 0.94000000 19 0.94000000 20 0.94000000 21 0.94000000 22 0.94000000 23 0.94000000 24 0.94000000 25 0.94000000 26 0.94000000 27 0.94000000 28 0.94000000 29 0.94000000 30 0.94000000 31 0.94000000 32 0.94000000 33 0.94000000 34 0.94000000 35 0.94000000 36 0.94000000 37 0.94000000 38 0.94000000 39 0.94000000 40 0.94000000 41 0.94000000 42 0.94000000 43 0.94000000 44 0.94000000 45 0.94000000 46 0.94000000 47 0.94000000 48 0.94000000 49 0.94000000 50 0.94000000 51 0.94000000 52 0.94000000 53 0.94000000 54 0.94000000 55 0.94000000 56 0.94000000 57 0.94000000 58 0.94000000 59 0.94000000 60 0.94000000 61 0.94000000 62 0.94000000 63 0.94000000 64 0.94000000 65 0.94000000 66 0.94000000 67 0.94000000 68 0.94000000 69 0.94000000 70 0.94000000 71 0.94000000 72 0.94000000 73 0.94000000 74 0.94000000 75 0.94000000 76 0.94000000 77 0.94000000 78 0.94000000 79 0.94000000 80 0.94000000 81 0.94000000 82 0.94000000 83 0.94000000 84 0.94000000 85 0.94000000 86 0.94000000 87 0.94000000 88 0.94000000 89 0.94000000 90 0.94000000 91 0.94000000 92 0.94000000 93 0.94000000 94 0.94000000 95 0.94000000 96 0.94000000 97 0.94000000 98 0.94000000 99 0.94000000 100 0.94000000 101 0.94000000 102 0.94000000 103 0.94000000 104 0.94000000 105 0.94000000 106 0.94000000 107 0.94000000 108 0.94000000 109 0.94000000 110 0.94000000 111 0.94000000 112 0.94000000 113 0.94000000 114 0.94000000 115 0.94000000 116 0.94000000 117 0.94000000 118 0.94000000 ; 
param vU :=1 1.06000000 2 1.06000000 3 1.06000000 4 1.06000000 5 1.06000000 6 1.06000000 7 1.06000000 8 1.06000000 9 1.06000000 10 1.06000000 11 1.06000000 12 1.06000000 13 1.06000000 14 1.06000000 15 1.06000000 16 1.06000000 17 1.06000000 18 1.06000000 19 1.06000000 20 1.06000000 21 1.06000000 22 1.06000000 23 1.06000000 24 1.06000000 25 1.06000000 26 1.06000000 27 1.06000000 28 1.06000000 29 1.06000000 30 1.06000000 31 1.06000000 32 1.06000000 33 1.06000000 34 1.06000000 35 1.06000000 36 1.06000000 37 1.06000000 38 1.06000000 39 1.06000000 40 1.06000000 41 1.06000000 42 1.06000000 43 1.06000000 44 1.06000000 45 1.06000000 46 1.06000000 47 1.06000000 48 1.06000000 49 1.06000000 50 1.06000000 51 1.06000000 52 1.06000000 53 1.06000000 54 1.06000000 55 1.06000000 56 1.06000000 57 1.06000000 58 1.06000000 59 1.06000000 60 1.06000000 61 1.06000000 62 1.06000000 63 1.06000000 64 1.06000000 65 1.06000000 66 1.06000000 67 1.06000000 68 1.06000000 69 1.06000000 70 1.06000000 71 1.06000000 72 1.06000000 73 1.06000000 74 1.06000000 75 1.06000000 76 1.06000000 77 1.06000000 78 1.06000000 79 1.06000000 80 1.06000000 81 1.06000000 82 1.06000000 83 1.06000000 84 1.06000000 85 1.06000000 86 1.06000000 87 1.06000000 88 1.06000000 89 1.06000000 90 1.06000000 91 1.06000000 92 1.06000000 93 1.06000000 94 1.06000000 95 1.06000000 96 1.06000000 97 1.06000000 98 1.06000000 99 1.06000000 100 1.06000000 101 1.06000000 102 1.06000000 103 1.06000000 104 1.06000000 105 1.06000000 106 1.06000000 107 1.06000000 108 1.06000000 109 1.06000000 110 1.06000000 111 1.06000000 112 1.06000000 113 1.06000000 114 1.06000000 115 1.06000000 116 1.06000000 117 1.06000000 118 1.06000000 ; 

param gs :=1 0.00000000 2 0.00000000 3 0.00000000 4 0.00000000 5 0.00000000 6 0.00000000 7 0.00000000 8 0.00000000 9 0.00000000 10 0.00000000 11 0.00000000 12 0.00000000 13 0.00000000 14 0.00000000 15 0.00000000 16 0.00000000 17 0.00000000 18 0.00000000 19 0.00000000 20 0.00000000 21 0.00000000 22 0.00000000 23 0.00000000 24 0.00000000 25 0.00000000 26 0.00000000 27 0.00000000 28 0.00000000 29 0.00000000 30 0.00000000 31 0.00000000 32 0.00000000 33 0.00000000 34 0.00000000 35 0.00000000 36 0.00000000 37 0.00000000 38 0.00000000 39 0.00000000 40 0.00000000 41 0.00000000 42 0.00000000 43 0.00000000 44 0.00000000 45 0.00000000 46 0.00000000 47 0.00000000 48 0.00000000 49 0.00000000 50 0.00000000 51 0.00000000 52 0.00000000 53 0.00000000 54 0.00000000 55 0.00000000 56 0.00000000 57 0.00000000 58 0.00000000 59 0.00000000 60 0.00000000 61 0.00000000 62 0.00000000 63 0.00000000 64 0.00000000 65 0.00000000 66 0.00000000 67 0.00000000 68 0.00000000 69 0.00000000 70 0.00000000 71 0.00000000 72 0.00000000 73 0.00000000 74 0.00000000 75 0.00000000 76 0.00000000 77 0.00000000 78 0.00000000 79 0.00000000 80 0.00000000 81 0.00000000 82 0.00000000 83 0.00000000 84 0.00000000 85 0.00000000 86 0.00000000 87 0.00000000 88 0.00000000 89 0.00000000 90 0.00000000 91 0.00000000 92 0.00000000 93 0.00000000 94 0.00000000 95 0.00000000 96 0.00000000 97 0.00000000 98 0.00000000 99 0.00000000 100 0.00000000 101 0.00000000 102 0.00000000 103 0.00000000 104 0.00000000 105 0.00000000 106 0.00000000 107 0.00000000 108 0.00000000 109 0.00000000 110 0.00000000 111 0.00000000 112 0.00000000 113 0.00000000 114 0.00000000 115 0.00000000 116 0.00000000 117 0.00000000 118 0.00000000 ; 
param bs :=1 0.00000000 2 0.00000000 3 0.00000000 4 0.00000000 5 -0.40000000 6 0.00000000 7 0.00000000 8 0.00000000 9 0.00000000 10 0.00000000 11 0.00000000 12 0.00000000 13 0.00000000 14 0.00000000 15 0.00000000 16 0.00000000 17 0.00000000 18 0.00000000 19 0.00000000 20 0.00000000 21 0.00000000 22 0.00000000 23 0.00000000 24 0.00000000 25 0.00000000 26 0.00000000 27 0.00000000 28 0.00000000 29 0.00000000 30 0.00000000 31 0.00000000 32 0.00000000 33 0.00000000 34 0.14000000 35 0.00000000 36 0.00000000 37 -0.25000000 38 0.00000000 39 0.00000000 40 0.00000000 41 0.00000000 42 0.00000000 43 0.00000000 44 0.10000000 45 0.10000000 46 0.10000000 47 0.00000000 48 0.15000000 49 0.00000000 50 0.00000000 51 0.00000000 52 0.00000000 53 0.00000000 54 0.00000000 55 0.00000000 56 0.00000000 57 0.00000000 58 0.00000000 59 0.00000000 60 0.00000000 61 0.00000000 62 0.00000000 63 0.00000000 64 0.00000000 65 0.00000000 66 0.00000000 67 0.00000000 68 0.00000000 69 0.00000000 70 0.00000000 71 0.00000000 72 0.00000000 73 0.00000000 74 0.12000000 75 0.00000000 76 0.00000000 77 0.00000000 78 0.00000000 79 0.20000000 80 0.00000000 81 0.00000000 82 0.20000000 83 0.10000000 84 0.00000000 85 0.00000000 86 0.00000000 87 0.00000000 88 0.00000000 89 0.00000000 90 0.00000000 91 0.00000000 92 0.00000000 93 0.00000000 94 0.00000000 95 0.00000000 96 0.00000000 97 0.00000000 98 0.00000000 99 0.00000000 100 0.00000000 101 0.00000000 102 0.00000000 103 0.00000000 104 0.00000000 105 0.20000000 106 0.00000000 107 0.06000000 108 0.00000000 109 0.00000000 110 0.06000000 111 0.00000000 112 0.00000000 113 0.00000000 114 0.00000000 115 0.00000000 116 0.00000000 117 0.00000000 118 0.00000000 ; 

param fr :=1 1 2 1 3 4 4 3 5 5 6 6 7 8 8 8 9 9 10 4 11 5 12 11 13 2 14 3 15 7 16 11 17 12 18 13 19 14 20 12 21 15 22 16 23 17 24 18 25 19 26 15 27 20 28 21 29 22 30 23 31 23 32 26 33 25 34 27 35 28 36 30 37 8 38 26 39 17 40 29 41 23 42 31 43 27 44 15 45 19 46 35 47 35 48 33 49 34 50 34 51 38 52 37 53 37 54 30 55 39 56 40 57 40 58 41 59 43 60 34 61 44 62 45 63 46 64 46 65 47 66 42 67 42 68 45 69 48 70 49 71 49 72 51 73 52 74 53 75 49 76 49 77 54 78 54 79 55 80 56 81 50 82 56 83 51 84 54 85 56 86 56 87 55 88 59 89 59 90 60 91 60 92 61 93 63 94 63 95 64 96 38 97 64 98 49 99 49 100 62 101 62 102 65 103 66 104 65 105 47 106 49 107 68 108 69 109 24 110 70 111 24 112 71 113 71 114 70 115 70 116 69 117 74 118 76 119 69 120 75 121 77 122 78 123 77 124 77 125 79 126 68 127 81 128 77 129 82 130 83 131 83 132 84 133 85 134 86 135 85 136 85 137 88 138 89 139 89 140 90 141 89 142 89 143 91 144 92 145 92 146 93 147 94 148 80 149 82 150 94 151 80 152 80 153 80 154 92 155 94 156 95 157 96 158 98 159 99 160 100 161 92 162 101 163 100 164 100 165 103 166 103 167 100 168 104 169 105 170 105 171 105 172 106 173 108 174 103 175 109 176 110 177 110 178 17 179 32 180 32 181 27 182 114 183 68 184 12 185 75 186 76 ; 
param to :=1 2 2 3 3 5 4 5 5 6 6 7 7 9 8 5 9 10 10 11 11 11 12 12 13 12 14 12 15 12 16 13 17 14 18 15 19 15 20 16 21 17 22 17 23 18 24 19 25 20 26 19 27 21 28 22 29 23 30 24 31 25 32 25 33 27 34 28 35 29 36 17 37 30 38 30 39 31 40 31 41 32 42 32 43 32 44 33 45 34 46 36 47 37 48 37 49 36 50 37 51 37 52 39 53 40 54 38 55 40 56 41 57 42 58 42 59 44 60 43 61 45 62 46 63 47 64 48 65 49 66 49 67 49 68 49 69 49 70 50 71 51 72 52 73 53 74 54 75 54 76 54 77 55 78 56 79 56 80 57 81 57 82 58 83 58 84 59 85 59 86 59 87 59 88 60 89 61 90 61 91 62 92 62 93 59 94 64 95 61 96 65 97 65 98 66 99 66 100 66 101 67 102 66 103 67 104 68 105 69 106 69 107 69 108 70 109 70 110 71 111 72 112 72 113 73 114 74 115 75 116 75 117 75 118 77 119 77 120 77 121 78 122 79 123 80 124 80 125 80 126 81 127 80 128 82 129 83 130 84 131 85 132 85 133 86 134 87 135 88 136 89 137 89 138 90 139 90 140 91 141 92 142 92 143 92 144 93 145 94 146 94 147 95 148 96 149 96 150 96 151 97 152 98 153 99 154 100 155 100 156 96 157 97 158 100 159 100 160 101 161 102 162 102 163 103 164 104 165 104 166 105 167 106 168 105 169 106 170 107 171 108 172 107 173 109 174 110 175 110 176 111 177 112 178 113 179 113 180 114 181 115 182 115 183 116 184 117 185 118 186 118 ; 

param Y : Y11r Y11i Y12r Y12i Y21r Y21i Y22r Y22i := 
1 2.78030115 9.15403549 2.78030115 9.16673549 2.78030115 9.16673549 2.78030115 9.15403549 
2 6.56765962 21.58131620 6.56765962 21.58672620 6.56765962 21.58672620 6.56765962 21.58131620 
3 26.35598550 119.49938427 26.35598550 119.50043427 26.35598550 119.50043427 26.35598550 119.49938427 
4 1.96818080 8.80586336 1.96818080 8.82006336 1.96818080 8.82006336 1.96818080 8.80586336 
5 3.89192866 17.65372276 3.89192866 17.66085276 3.89192866 17.66085276 3.89192866 17.65372276 
6 10.11663667 45.84170374 10.11663667 45.84445374 10.11663667 45.84445374 10.11663667 45.84170374 
7 2.60627069 31.99738359 2.60627069 32.57838359 2.60627069 32.57838359 2.60627069 31.99738359 
8 0.00000000 38.60257520 0.00000000 38.02353657 0.00000000 38.02353657 0.00000000 37.45318352 
9 2.47245702 30.24279692 2.47245702 30.85779692 2.47245702 30.85779692 2.47245702 30.24279692 
10 4.04235772 13.29816005 4.04235772 13.30690005 4.04235772 13.30690005 4.04235772 13.29816005 
11 4.00921923 13.46070662 4.00921923 13.46939662 4.00921923 13.46939662 4.00921923 13.46070662 
12 14.18143900 46.71281847 14.18143900 46.71532847 14.18143900 46.71532847 14.18143900 46.71281847 
13 4.51227605 14.85610815 4.51227605 14.86396815 4.51227605 14.86396815 4.51227605 14.85610815 
14 1.73212476 5.70573226 1.73212476 5.72603226 1.73212476 5.72603226 1.73212476 5.70573226 
15 7.00639614 27.63106721 7.00639614 27.63543721 7.00639614 27.63543721 7.00639614 27.63106721 
16 3.81079775 12.51058922 3.81079775 12.51996922 3.81079775 12.51996922 3.81079775 12.51058922 
17 3.93719533 12.93788323 3.93719533 12.94696323 3.93719533 12.94696323 3.93719533 12.93788323 
18 1.13993778 3.71329433 1.13993778 3.74463433 1.13993778 3.74463433 1.13993778 3.71329433 
19 1.43148423 4.66631891 1.43148423 4.69141891 1.43148423 4.69141891 1.43148423 4.66631891 
20 2.86293045 11.25196036 2.86293045 11.26266036 2.86293045 11.26266036 2.86293045 11.25196036 
21 6.33418589 20.94779419 6.33418589 20.96999419 6.33418589 20.96999419 6.33418589 20.94779419 
22 1.31604998 5.19741811 1.31604998 5.22071811 1.31604998 5.22071811 1.31604998 5.19741811 
23 4.55295868 18.68655175 4.55295868 18.69304175 4.55295868 18.69304175 4.55295868 18.68655175 
24 4.37843772 19.28445799 4.37843772 19.29016799 4.37843772 19.29016799 4.37843772 19.28445799 
25 1.75928020 8.15318666 1.75928020 8.16808666 1.75928020 8.16808666 1.75928020 8.15318666 
26 7.07397015 23.22115199 7.07397015 23.22620199 7.07397015 23.22620199 7.07397015 23.22115199 
27 2.42612258 11.24481787 2.42612258 11.25561787 2.42612258 11.25561787 2.42612258 11.24481787 
28 2.12273038 9.83960655 2.12273038 9.85190655 2.12273038 9.85190655 2.12273038 9.83960655 
29 1.29297439 5.99099670 1.29297439 6.01119670 1.29297439 6.01119670 1.29297439 5.99099670 
30 5.18654265 18.87716655 5.18654265 18.90206655 5.18654265 18.90206655 5.18654265 18.87716655 
31 2.34820934 11.99889918 2.34820934 12.04209918 2.34820934 12.04209918 2.34820934 11.99889918 
32 0.00000000 28.40495928 0.00000000 27.26876091 0.00000000 27.26876091 0.00000000 26.17801047 
33 1.15299939 5.82182834 1.15299939 5.91002834 1.15299939 5.91002834 1.15299939 5.82182834 
34 2.49211626 11.12751364 2.49211626 11.13831364 2.49211626 11.13831364 2.49211626 11.12751364 
35 2.50682767 9.96252401 2.50682767 9.97442401 2.50682767 9.97442401 2.50682767 9.96252401 
36 0.00000000 27.96570733 0.00000000 26.84707904 0.00000000 26.84707904 0.00000000 25.77319588 
37 1.68442537 19.44022474 1.68442537 19.69722474 1.68442537 19.69722474 1.68442537 19.44022474 
38 1.07106853 11.07439724 1.07106853 11.52839724 1.07106853 11.52839724 1.07106853 11.07439724 
39 1.77684812 5.83915044 1.77684812 5.85910044 1.77684812 5.85910044 1.77684812 5.83915044 
40 8.90905341 27.30044889 8.90905341 27.30459889 8.90905341 27.30459889 8.90905341 27.30044889 
41 2.21694135 8.00486222 2.21694135 8.06351222 2.21694135 8.06351222 2.21694135 8.00486222 
42 2.81389839 9.28842287 2.81389839 9.30097287 2.81389839 9.30097287 2.81389839 9.28842287 
43 3.67891580 12.11954653 3.67891580 12.12917653 3.67891580 12.12917653 3.67891580 12.11954653 
44 2.24594784 7.33655397 2.24594784 7.35252397 2.24594784 7.35252397 2.24594784 7.33655397 
45 1.12804444 3.67354598 1.12804444 3.70514598 1.12804444 3.70514598 1.12804444 3.67354598 
46 20.53960476 93.52721739 20.53960476 93.52855739 20.53960476 93.52855739 20.53960476 93.52721739 
47 4.24531761 19.17452683 4.24531761 19.18111683 4.24531761 19.18111683 4.24531761 19.17452683 
48 1.89616769 6.46979184 1.89616769 6.48809184 1.89616769 6.48809184 1.89616769 6.46979184 
49 10.96833526 33.74588388 10.96833526 33.74872388 10.96833526 33.74872388 10.96833526 33.74588388 
50 26.97189865 99.03252037 26.97189865 99.03744037 26.97189865 99.03744037 26.97189865 99.03252037 
51 0.00000000 30.50320760 0.00000000 28.52049911 0.00000000 28.52049911 0.00000000 26.66666667 
52 2.61690258 8.62798516 2.61690258 8.64148516 2.61690258 8.64148516 2.61690258 8.62798516 
53 1.86827614 5.27192396 1.86827614 5.29292396 1.86827614 5.29292396 1.86827614 5.27192396 
54 1.57955855 18.17179349 1.57955855 18.38279349 1.57955855 18.38279349 1.57955855 18.17179349 
55 4.60136891 15.12174103 4.60136891 15.12950103 4.60136891 15.12950103 4.60136891 15.12174103 
56 5.61593221 18.85567610 5.61593221 18.86178610 5.61593221 18.86178610 5.61593221 18.85567610 
57 1.51766853 4.98090435 1.51766853 5.00420435 1.51766853 5.00420435 1.51766853 4.98090435 
58 2.05968050 6.76467481 2.05968050 6.78187481 2.05968050 6.78187481 2.05968050 6.76467481 
59 0.95122173 3.80896611 0.95122173 3.83930611 0.95122173 3.83930611 0.95122173 3.80896611 
60 1.37835285 5.58906647 1.37835285 5.61019647 1.37835285 5.61019647 1.37835285 5.58906647 
61 2.59867723 10.44151510 2.59867723 10.45271510 2.59867723 10.45271510 2.59867723 10.44151510 
62 2.00126480 6.76768767 2.00126480 6.78428767 2.00126480 6.78428767 2.00126480 6.76768767 
63 2.16240824 7.21119596 2.16240824 7.22699596 2.16240824 7.22699596 2.16240824 7.21119596 
64 1.52797866 4.78152425 1.52797866 4.80512425 1.52797866 4.80512425 1.52797866 4.78152425 
65 4.47195778 14.62534970 4.47195778 14.63336970 4.47195778 14.63336970 4.47195778 14.62534970 
66 0.65331856 2.90835518 0.65331856 2.95135518 0.65331856 2.95135518 0.65331856 2.90835518 
67 0.65331856 2.90835518 0.65331856 2.95135518 0.65331856 2.95135518 0.65331856 2.90835518 
68 1.74158539 4.71369010 1.74158539 4.73589010 1.74158539 4.73589010 1.74158539 4.71369010 
69 6.23549985 17.58548332 6.23549985 17.59177332 6.23549985 17.59177332 6.23549985 17.58548332 
70 4.19288529 11.79980504 4.19288529 11.80917504 4.19288529 11.80917504 4.19288529 11.79980504 
71 2.29994283 6.46627794 2.29994283 6.48337794 2.29994283 6.48337794 2.29994283 6.46627794 
72 5.24611516 15.18866392 5.24611516 15.19564392 5.24611516 15.19564392 5.24611516 15.18866392 
73 1.42743854 5.74233226 1.42743854 5.76262226 1.42743854 5.76262226 1.42743854 5.74233226 
74 1.68852873 7.81721881 1.68852873 7.83271881 1.68852873 7.83271881 1.68852873 7.81721881 
75 0.82160945 3.21577304 0.82160945 3.25267304 0.82160945 3.25267304 0.82160945 3.21577304 
76 0.94218303 3.11856630 0.94218303 3.15506630 0.94218303 3.15506630 0.94218303 3.11856630 
77 3.19827407 13.36966193 3.19827407 13.37976193 3.19827407 13.37976193 3.19827407 13.36966193 
78 27.84387182 96.69051304 27.84387182 96.69417304 27.84387182 96.69417304 27.84387182 96.69051304 
79 19.37858285 59.96054826 19.37858285 59.96241826 19.37858285 59.96241826 19.37858285 59.96054826 
80 3.26416414 9.18085207 3.26416414 9.19295207 3.26416414 9.19295207 3.26416414 9.18085207 
81 2.34621408 6.61615711 2.34621408 6.63275711 2.34621408 6.63275711 2.34621408 6.61615711 
82 3.26416414 9.18085207 3.26416414 9.19295207 3.26416414 9.19295207 3.26416414 9.18085207 
83 4.38154870 12.34530907 4.38154870 12.35424907 4.38154870 12.35424907 4.38154870 12.34530907 
84 0.91274353 4.13097658 0.91274353 4.16087658 0.91274353 4.16087658 0.91274353 4.13097658 
85 1.18182567 3.56716507 1.18182567 3.59561507 1.18182567 3.59561507 1.18182567 3.56716507 
86 1.26319254 3.73288887 1.26319254 3.75968887 1.26319254 3.75968887 1.26319254 3.73288887 
87 0.97079916 4.39250136 0.97079916 4.42073136 0.97079916 4.42073136 0.97079916 4.39250136 
88 1.43895408 6.56316659 1.43895408 6.58196659 1.43895408 6.58196659 1.43895408 6.56316659 
89 1.39125478 6.34304562 1.39125478 6.36244562 1.39125478 6.36244562 1.39125478 6.34304562 
90 13.95204302 71.33839455 13.95204302 71.34567455 13.95204302 71.34567455 13.95204302 71.33839455 
91 3.72896771 17.00039079 3.72896771 17.00773079 3.72896771 17.00773079 3.72896771 17.00039079 
92 5.56133887 25.37208318 5.56133887 25.37698318 5.56133887 25.37698318 5.56133887 25.37208318 
93 0.00000000 28.11060737 0.00000000 26.98618307 0.00000000 26.98618307 0.00000000 25.90673575 
94 4.26843069 49.52491496 4.26843069 49.63291496 4.26843069 49.63291496 4.26843069 49.52491496 
95 0.00000000 38.45853574 0.00000000 37.88165770 0.00000000 37.88165770 0.00000000 37.31343284 
96 0.91909326 9.53500172 0.91909326 10.05800172 0.91909326 10.05800172 0.91909326 9.53500172 
97 2.92621553 32.66193643 2.92621553 32.85193643 2.92621553 32.85193643 2.92621553 32.66193643 
98 2.05254282 10.46697137 2.05254282 10.47937137 2.05254282 10.47937137 2.05254282 10.46697137 
99 2.05254282 10.46697137 2.05254282 10.47937137 2.05254282 10.47937137 2.05254282 10.46697137 
100 0.96695424 4.34446149 0.96695424 4.37336149 0.96695424 4.37336149 0.96695424 4.34446149 
101 1.79732825 8.13517463 1.79732825 8.15067463 1.79732825 8.15067463 1.79732825 8.13517463 
102 0.00000000 30.91541311 0.00000000 28.90591126 0.00000000 28.90591126 0.00000000 27.02702703 
103 2.07330426 9.38124995 2.07330426 9.39465995 2.07330426 9.39465995 2.07330426 9.38124995 
104 5.35081992 61.71949178 5.35081992 62.03849178 5.35081992 62.03849178 5.35081992 61.71949178 
105 1.00123137 3.26006222 1.00123137 3.29552222 1.00123137 3.29552222 1.00123137 3.26006222 
106 0.85892486 2.78389599 0.85892486 2.82529599 0.85892486 2.82529599 0.85892486 2.78389599 
107 0.00000000 30.91541311 0.00000000 28.90591126 0.00000000 28.90591126 0.00000000 27.02702703 
108 1.76170063 7.39686599 1.76170063 7.45786599 1.76170063 7.45786599 1.76170063 7.39686599 
109 0.01305089 2.37907357 0.01305089 2.43006357 0.01305089 2.43006357 0.01305089 2.37907357 
110 6.59171937 26.52690677 6.59171937 26.53129677 6.59171937 26.53129677 6.59171937 26.52690677 
111 1.19615348 4.77982301 1.19615348 4.80422301 1.19615348 4.80422301 1.19615348 4.77982301 
112 1.29692031 5.21198752 1.29692031 5.23420752 1.29692031 5.23420752 1.29692031 5.21198752 
113 4.05401180 21.24724343 4.05401180 21.25313343 4.05401180 21.25313343 4.05401180 21.24724343 
114 2.09823508 6.90576600 2.09823508 6.92260600 2.09823508 6.92260600 2.09823508 6.90576600 
115 1.97118387 6.47585341 1.97118387 6.49385341 1.97118387 6.49385341 1.97118387 6.47585341 
116 2.45094331 7.32108849 2.45094331 7.38308849 2.45094331 7.38308849 2.45094331 7.32108849 
117 6.83466230 22.55477221 6.83466230 22.55994221 6.83466230 22.55994221 6.83466230 22.55477221 
118 1.85965782 6.18045941 1.85965782 6.19885941 1.85965782 6.19885941 1.85965782 6.18045941 
119 2.76985714 9.00167836 2.76985714 9.05357836 2.76985714 9.05357836 2.76985714 9.00167836 
120 1.37932554 4.56291658 1.37932554 4.58780658 1.37932554 4.58780658 1.37932554 4.56291658 
121 22.39460242 73.84821991 22.39460242 73.85453991 22.39460242 73.85453991 22.39460242 73.84821991 
122 8.73360210 39.02604412 8.73360210 39.02928412 8.73360210 39.02928412 8.73360210 39.02604412 
123 6.43634643 18.33891775 6.43634643 18.36251775 6.43634643 18.36251775 6.43634643 18.33891775 
124 2.47279921 8.82002575 2.47279921 8.83142575 2.47279921 8.83142575 2.47279921 8.82002575 
125 3.00027695 13.53036136 3.00027695 13.53971136 3.00027695 13.53971136 3.00027695 13.53036136 
126 4.25684592 48.73216434 4.25684592 49.13616434 4.25684592 49.13616434 4.25684592 48.73216434 
127 0.00000000 30.91541311 0.00000000 28.90591126 0.00000000 28.90591126 0.00000000 27.02702703 
128 3.65011336 10.40727328 3.65011336 10.44814328 3.65011336 10.44814328 3.65011336 10.40727328 
129 7.62598623 24.93569815 7.62598623 24.95467815 7.62598623 24.95467815 7.62598623 24.93569815 
130 2.93011099 6.17549442 2.93011099 6.18839442 2.93011099 6.18839442 2.93011099 6.17549442 
131 1.81029765 6.21339190 1.81029765 6.23079190 1.81029765 6.23079190 1.81029765 6.21339190 
132 6.01491779 12.76059260 6.01491779 12.76676260 6.01491779 12.76676260 6.01491779 12.76059260 
133 2.14014920 7.50729576 2.14014920 7.52109576 2.14014920 7.52109576 2.14014920 7.50729576 
134 0.64544815 4.71134077 0.64544815 4.73359077 0.64544815 4.73359077 0.64544815 4.71134077 
135 1.85116623 9.42714780 1.85116623 9.44094780 1.85116623 9.44094780 1.85116623 9.42714780 
136 0.78360116 5.64859209 0.78360116 5.67209209 0.78360116 5.67209209 0.78360116 5.64859209 
137 2.64125488 13.51963558 2.64125488 13.52930558 2.64125488 13.52930558 2.64125488 13.51963558 
138 1.36218143 4.91742448 1.36218143 4.94382448 1.36218143 4.94382448 1.36218143 4.91742448 
139 2.26525789 9.43633663 2.26525789 9.48933663 2.26525789 9.48933663 2.26525789 9.43633663 
140 3.32716803 10.94013651 3.32716803 10.95083651 3.32716803 10.95083651 3.32716803 10.94013651 
141 3.73830364 19.04172463 3.73830364 19.06912463 3.73830364 19.06912463 3.73830364 19.04172463 
142 1.48077814 5.93632352 1.48077814 5.95702352 1.48077814 5.95702352 1.48077814 5.93632352 
143 2.18921987 7.17923540 2.18921987 7.19557540 2.18921987 7.19557540 2.18921987 7.17923540 
144 3.28382981 10.78246310 3.28382981 10.79336310 3.28382981 10.79336310 3.28382981 10.78246310 
145 1.76335097 5.77199632 1.76335097 5.79229632 1.76335097 5.79229632 1.76335097 5.77199632 
146 3.80836577 12.49162333 3.80836577 12.50100333 3.80836577 12.50100333 3.80836577 12.49162333 
147 6.41461755 21.08493498 6.41461755 21.09048498 6.41461755 21.09048498 6.41461755 21.08493498 
148 1.03514371 5.26732683 1.03514371 5.29202683 1.03514371 5.29202683 1.03514371 5.26732683 
149 5.27439898 17.22854975 5.27439898 17.25574975 5.27439898 17.25574975 5.27439898 17.22854975 
150 3.25066886 10.48973139 3.25066886 10.50123139 3.25066886 10.50123139 3.25066886 10.48973139 
151 2.02021317 10.29811476 2.02021317 10.31081476 2.02021317 10.31081476 2.02021317 10.29811476 
152 1.94596433 8.81612638 1.94596433 8.83042638 1.94596433 8.83042638 1.94596433 8.81612638 
153 1.02028983 4.60220894 1.02028983 4.62950894 1.02028983 4.62950894 1.02028983 4.60220894 
154 0.71033907 3.21019671 0.71033907 3.23379671 0.71033907 3.23379671 0.71033907 3.21019671 
155 4.83585269 15.72707280 4.83585269 15.75727280 4.83585269 15.75727280 4.83585269 15.72707280 
156 5.20627188 16.64661082 5.20627188 16.65398082 5.20627188 16.65398082 5.20627188 16.64661082 
157 2.12751828 10.87154727 2.12751828 10.88354727 2.12751828 10.88354727 2.12751828 10.87154727 
158 1.18094695 5.30087266 1.18094695 5.32467266 1.18094695 5.32467266 1.18094695 5.30087266 
159 2.59602030 11.71455836 2.59602030 11.72535836 2.59602030 11.72535836 2.59602030 11.71455836 
160 1.65930562 7.54332452 1.65930562 7.55972452 1.65930562 7.55972452 1.65930562 7.54332452 
161 3.75446415 17.05565122 3.75446415 17.06297122 3.75446415 17.06297122 3.75446415 17.05565122 
162 1.87084194 8.50295436 1.87084194 8.51765436 1.87084194 8.51765436 1.87084194 8.50295436 
163 5.31164412 17.40203227 5.31164412 17.42883227 5.31164412 17.42883227 5.31164412 17.40203227 
164 1.03321855 4.64648845 1.03321855 4.67353845 1.03321855 4.67353845 1.03321855 4.64648845 
165 1.70933148 5.78990980 1.70933148 5.81025980 1.70933148 5.81025980 1.70933148 5.78990980 
166 1.82790372 5.53164401 1.82790372 5.55204401 1.82790372 5.55204401 1.82790372 5.53164401 
167 1.07840734 4.05090548 1.07840734 4.08190548 1.07840734 4.08190548 1.07840734 4.05090548 
168 6.50675328 24.73906133 6.50675328 24.74399133 6.50675328 24.74399133 6.50675328 24.73906133 
169 4.39134403 17.15043847 4.39134403 17.15760847 4.39134403 17.15760847 4.39134403 17.15043847 
170 1.46013554 5.01800009 1.46013554 5.04160009 1.46013554 5.04160009 1.46013554 5.01800009 
171 4.64140274 12.49233603 4.64140274 12.50155603 4.64140274 12.50155603 4.64140274 12.49233603 
172 1.46013554 5.01800009 1.46013554 5.04160009 1.46013554 5.04160009 1.46013554 5.01800009 
173 11.17389777 30.64460533 11.17389777 30.64840533 11.17389777 30.64840533 11.17389777 30.64460533 
174 1.13561784 5.24800773 1.13561784 5.27105773 1.13561784 5.27105773 1.13561784 5.24800773 
175 4.22538636 11.57171442 4.22538636 11.58181442 4.22538636 11.58181442 4.22538636 11.57171442 
176 3.55742410 12.19843271 3.55742410 12.20843271 3.55742410 12.20843271 3.55742410 12.19843271 
177 5.24851841 13.56839993 5.24851841 13.59939993 5.24851841 13.59939993 5.24851841 13.56839993 
178 9.22812356 30.41965608 9.22812356 30.42349608 9.22812356 30.42349608 9.22812356 30.41965608 
179 1.36693246 4.48608844 1.36693246 4.51198844 1.36693246 4.51198844 1.36693246 4.48608844 
180 3.43713480 15.57353778 3.43713480 15.58167778 3.43713480 15.58167778 3.43713480 15.57353778 
181 2.84733592 12.85523704 2.84733592 12.86509704 2.84733592 12.86509704 2.84733592 12.85523704 
182 20.27324813 91.66895936 20.27324813 91.67033936 20.27324813 91.67033936 20.27324813 91.66895936 
183 20.58348115 245.10358430 20.58348115 245.18558430 20.58348115 245.18558430 20.58348115 245.10358430 
184 1.59072371 6.75113707 1.59072371 6.76903707 1.59072371 6.76903707 1.59072371 6.75113707 
185 5.74516812 19.05211940 5.74516812 19.05810940 5.74516812 19.05810940 5.74516812 19.05211940 
186 5.08004163 16.84408980 5.08004163 16.85086980 5.08004163 16.85086980 5.08004163 16.84408980 
; 
param e_con :=1 2.78030115 2 6.56765962 3 26.35598550 4 1.96818080 5 3.89192866 6 10.11663667 7 2.60627069 8 0.00000000 9 2.47245702 10 4.04235772 11 4.00921923 12 14.18143900 13 4.51227605 14 1.73212476 15 7.00639614 16 3.81079775 17 3.93719533 18 1.13993778 19 1.43148423 20 2.86293045 21 6.33418589 22 1.31604998 23 4.55295868 24 4.37843772 25 1.75928020 26 7.07397015 27 2.42612258 28 2.12273038 29 1.29297439 30 5.18654265 31 2.34820934 32 0.00000000 33 1.15299939 34 2.49211626 35 2.50682767 36 0.00000000 37 1.68442537 38 1.07106853 39 1.77684812 40 8.90905341 41 2.21694135 42 2.81389839 43 3.67891580 44 2.24594784 45 1.12804444 46 20.53960476 47 4.24531761 48 1.89616769 49 10.96833526 50 26.97189865 51 0.00000000 52 2.61690258 53 1.86827614 54 1.57955855 55 4.60136891 56 5.61593221 57 1.51766853 58 2.05968050 59 0.95122173 60 1.37835285 61 2.59867723 62 2.00126480 63 2.16240824 64 1.52797866 65 4.47195778 66 0.65331856 67 0.65331856 68 1.74158539 69 6.23549985 70 4.19288529 71 2.29994283 72 5.24611516 73 1.42743854 74 1.68852873 75 0.82160945 76 0.94218303 77 3.19827407 78 27.84387182 79 19.37858285 80 3.26416414 81 2.34621408 82 3.26416414 83 4.38154870 84 0.91274353 85 1.18182567 86 1.26319254 87 0.97079916 88 1.43895408 89 1.39125478 90 13.95204302 91 3.72896771 92 5.56133887 93 0.00000000 94 4.26843069 95 0.00000000 96 0.91909326 97 2.92621553 98 2.05254282 99 2.05254282 100 0.96695424 101 1.79732825 102 0.00000000 103 2.07330426 104 5.35081992 105 1.00123137 106 0.85892486 107 0.00000000 108 1.76170063 109 0.01305089 110 6.59171937 111 1.19615348 112 1.29692031 113 4.05401180 114 2.09823508 115 1.97118387 116 2.45094331 117 6.83466230 118 1.85965782 119 2.76985714 120 1.37932554 121 22.39460242 122 8.73360210 123 6.43634643 124 2.47279921 125 3.00027695 126 4.25684592 127 0.00000000 128 3.65011336 129 7.62598623 130 2.93011099 131 1.81029765 132 6.01491779 133 2.14014920 134 0.64544815 135 1.85116623 136 0.78360116 137 2.64125488 138 1.36218143 139 2.26525789 140 3.32716803 141 3.73830364 142 1.48077814 143 2.18921987 144 3.28382981 145 1.76335097 146 3.80836577 147 6.41461755 148 1.03514371 149 5.27439898 150 3.25066886 151 2.02021317 152 1.94596433 153 1.02028983 154 0.71033907 155 4.83585269 156 5.20627188 157 2.12751828 158 1.18094695 159 2.59602030 160 1.65930562 161 3.75446415 162 1.87084194 163 5.31164412 164 1.03321855 165 1.70933148 166 1.82790372 167 1.07840734 168 6.50675328 169 4.39134403 170 1.46013554 171 4.64140274 172 1.46013554 173 11.17389777 174 1.13561784 175 4.22538636 176 3.55742410 177 5.24851841 178 9.22812356 179 1.36693246 180 3.43713480 181 2.84733592 182 20.27324813 183 20.58348115 184 1.59072371 185 5.74516812 186 5.08004163 ; 
param e_sus :=1 -9.16673549 2 -21.58672620 3 -119.50043427 4 -8.82006336 5 -17.66085276 6 -45.84445374 7 -32.57838359 8 -37.45318352 9 -30.85779692 10 -13.30690005 11 -13.46939662 12 -46.71532847 13 -14.86396815 14 -5.72603226 15 -27.63543721 16 -12.51996922 17 -12.94696323 18 -3.74463433 19 -4.69141891 20 -11.26266036 21 -20.96999419 22 -5.22071811 23 -18.69304175 24 -19.29016799 25 -8.16808666 26 -23.22620199 27 -11.25561787 28 -9.85190655 29 -6.01119670 30 -18.90206655 31 -12.04209918 32 -26.17801047 33 -5.91002834 34 -11.13831364 35 -9.97442401 36 -25.77319588 37 -19.69722474 38 -11.52839724 39 -5.85910044 40 -27.30459889 41 -8.06351222 42 -9.30097287 43 -12.12917653 44 -7.35252397 45 -3.70514598 46 -93.52855739 47 -19.18111683 48 -6.48809184 49 -33.74872388 50 -99.03744037 51 -26.66666667 52 -8.64148516 53 -5.29292396 54 -18.38279349 55 -15.12950103 56 -18.86178610 57 -5.00420435 58 -6.78187481 59 -3.83930611 60 -5.61019647 61 -10.45271510 62 -6.78428767 63 -7.22699596 64 -4.80512425 65 -14.63336970 66 -2.95135518 67 -2.95135518 68 -4.73589010 69 -17.59177332 70 -11.80917504 71 -6.48337794 72 -15.19564392 73 -5.76262226 74 -7.83271881 75 -3.25267304 76 -3.15506630 77 -13.37976193 78 -96.69417304 79 -59.96241826 80 -9.19295207 81 -6.63275711 82 -9.19295207 83 -12.35424907 84 -4.16087658 85 -3.59561507 86 -3.75968887 87 -4.42073136 88 -6.58196659 89 -6.36244562 90 -71.34567455 91 -17.00773079 92 -25.37698318 93 -25.90673575 94 -49.63291496 95 -37.31343284 96 -10.05800172 97 -32.85193643 98 -10.47937137 99 -10.47937137 100 -4.37336149 101 -8.15067463 102 -27.02702703 103 -9.39465995 104 -62.03849178 105 -3.29552222 106 -2.82529599 107 -27.02702703 108 -7.45786599 109 -2.43006357 110 -26.53129677 111 -4.80422301 112 -5.23420752 113 -21.25313343 114 -6.92260600 115 -6.49385341 116 -7.38308849 117 -22.55994221 118 -6.19885941 119 -9.05357836 120 -4.58780658 121 -73.85453991 122 -39.02928412 123 -18.36251775 124 -8.83142575 125 -13.53971136 126 -49.13616434 127 -27.02702703 128 -10.44814328 129 -24.95467815 130 -6.18839442 131 -6.23079190 132 -12.76676260 133 -7.52109576 134 -4.73359077 135 -9.44094780 136 -5.67209209 137 -13.52930558 138 -4.94382448 139 -9.48933663 140 -10.95083651 141 -19.06912463 142 -5.95702352 143 -7.19557540 144 -10.79336310 145 -5.79229632 146 -12.50100333 147 -21.09048498 148 -5.29202683 149 -17.25574975 150 -10.50123139 151 -10.31081476 152 -8.83042638 153 -4.62950894 154 -3.23379671 155 -15.75727280 156 -16.65398082 157 -10.88354727 158 -5.32467266 159 -11.72535836 160 -7.55972452 161 -17.06297122 162 -8.51765436 163 -17.42883227 164 -4.67353845 165 -5.81025980 166 -5.55204401 167 -4.08190548 168 -24.74399133 169 -17.15760847 170 -5.04160009 171 -12.50155603 172 -5.04160009 173 -30.64840533 174 -5.27105773 175 -11.58181442 176 -12.20843271 177 -13.59939993 178 -30.42349608 179 -4.51198844 180 -15.58167778 181 -12.86509704 182 -91.67033936 183 -245.18558430 184 -6.76903707 185 -19.05810940 186 -16.85086980 ; 
param e_bsh :=1 0.02540000 2 0.01082000 3 0.00210000 4 0.02840000 5 0.01426000 6 0.00550000 7 1.16200000 8 0.00000000 9 1.23000000 10 0.01748000 11 0.01738000 12 0.00502000 13 0.01572000 14 0.04060000 15 0.00874000 16 0.01876000 17 0.01816000 18 0.06268000 19 0.05020000 20 0.02140000 21 0.04440000 22 0.04660000 23 0.01298000 24 0.01142000 25 0.02980000 26 0.01010000 27 0.02160000 28 0.02460000 29 0.04040000 30 0.04980000 31 0.08640000 32 0.00000000 33 0.17640000 34 0.02160000 35 0.02380000 36 0.00000000 37 0.51400000 38 0.90800000 39 0.03990000 40 0.00830000 41 0.11730000 42 0.02510000 43 0.01926000 44 0.03194000 45 0.06320000 46 0.00268000 47 0.01318000 48 0.03660000 49 0.00568000 50 0.00984000 51 0.00000000 52 0.02700000 53 0.04200000 54 0.42200000 55 0.01552000 56 0.01222000 57 0.04660000 58 0.03440000 59 0.06068000 60 0.04226000 61 0.02240000 62 0.03320000 63 0.03160000 64 0.04720000 65 0.01604000 66 0.08600000 67 0.08600000 68 0.04440000 69 0.01258000 70 0.01874000 71 0.03420000 72 0.01396000 73 0.04058000 74 0.03100000 75 0.07380000 76 0.07300000 77 0.02020000 78 0.00732000 79 0.00374000 80 0.02420000 81 0.03320000 82 0.02420000 83 0.01788000 84 0.05980000 85 0.05690000 86 0.05360000 87 0.05646000 88 0.03760000 89 0.03880000 90 0.01456000 91 0.01468000 92 0.00980000 93 0.00000000 94 0.21600000 95 0.00000000 96 1.04600000 97 0.38000000 98 0.02480000 99 0.02480000 100 0.05780000 101 0.03100000 102 0.00000000 103 0.02682000 104 0.63800000 105 0.07092000 106 0.08280000 107 0.00000000 108 0.12200000 109 0.10198000 110 0.00878000 111 0.04880000 112 0.04444000 113 0.01178000 114 0.03368000 115 0.03600000 116 0.12400000 117 0.01034000 118 0.03680000 119 0.10380000 120 0.04978000 121 0.01264000 122 0.00648000 123 0.04720000 124 0.02280000 125 0.01870000 126 0.80800000 127 0.00000000 128 0.08174000 129 0.03796000 130 0.02580000 131 0.03480000 132 0.01234000 133 0.02760000 134 0.04450000 135 0.02760000 136 0.04700000 137 0.01934000 138 0.05280000 139 0.10600000 140 0.02140000 141 0.05480000 142 0.04140000 143 0.03268000 144 0.02180000 145 0.04060000 146 0.01876000 147 0.01110000 148 0.04940000 149 0.05440000 150 0.02300000 151 0.02540000 152 0.02860000 153 0.05460000 154 0.04720000 155 0.06040000 156 0.01474000 157 0.02400000 158 0.04760000 159 0.02160000 160 0.03280000 161 0.01464000 162 0.02940000 163 0.05360000 164 0.05410000 165 0.04070000 166 0.04080000 167 0.06200000 168 0.00986000 169 0.01434000 170 0.04720000 171 0.01844000 172 0.04720000 173 0.00760000 174 0.04610000 175 0.02020000 176 0.02000000 177 0.06200000 178 0.00768000 179 0.05180000 180 0.01628000 181 0.01972000 182 0.00276000 183 0.16400000 184 0.03580000 185 0.01198000 186 0.01356000 ; 
param e_su :=1 0.00000000 2 0.00000000 3 0.00000000 4 0.00000000 5 0.00000000 6 0.00000000 7 0.00000000 8 0.00000000 9 0.00000000 10 0.00000000 11 0.00000000 12 0.00000000 13 0.00000000 14 0.00000000 15 0.00000000 16 0.00000000 17 0.00000000 18 0.00000000 19 0.00000000 20 0.00000000 21 0.00000000 22 0.00000000 23 0.00000000 24 0.00000000 25 0.00000000 26 0.00000000 27 0.00000000 28 0.00000000 29 0.00000000 30 0.00000000 31 0.00000000 32 0.00000000 33 0.00000000 34 0.00000000 35 0.00000000 36 0.00000000 37 0.00000000 38 0.00000000 39 0.00000000 40 0.00000000 41 0.00000000 42 0.00000000 43 0.00000000 44 0.00000000 45 0.00000000 46 0.00000000 47 0.00000000 48 0.00000000 49 0.00000000 50 0.00000000 51 0.00000000 52 0.00000000 53 0.00000000 54 0.00000000 55 0.00000000 56 0.00000000 57 0.00000000 58 0.00000000 59 0.00000000 60 0.00000000 61 0.00000000 62 0.00000000 63 0.00000000 64 0.00000000 65 0.00000000 66 0.00000000 67 0.00000000 68 0.00000000 69 0.00000000 70 0.00000000 71 0.00000000 72 0.00000000 73 0.00000000 74 0.00000000 75 0.00000000 76 0.00000000 77 0.00000000 78 0.00000000 79 0.00000000 80 0.00000000 81 0.00000000 82 0.00000000 83 0.00000000 84 0.00000000 85 0.00000000 86 0.00000000 87 0.00000000 88 0.00000000 89 0.00000000 90 0.00000000 91 0.00000000 92 0.00000000 93 0.00000000 94 0.00000000 95 0.00000000 96 0.00000000 97 0.00000000 98 0.00000000 99 0.00000000 100 0.00000000 101 0.00000000 102 0.00000000 103 0.00000000 104 0.00000000 105 0.00000000 106 0.00000000 107 0.00000000 108 0.00000000 109 0.00000000 110 0.00000000 111 0.00000000 112 0.00000000 113 0.00000000 114 0.00000000 115 0.00000000 116 0.00000000 117 0.00000000 118 0.00000000 119 0.00000000 120 0.00000000 121 0.00000000 122 0.00000000 123 0.00000000 124 0.00000000 125 0.00000000 126 0.00000000 127 0.00000000 128 0.00000000 129 0.00000000 130 0.00000000 131 0.00000000 132 0.00000000 133 0.00000000 134 0.00000000 135 0.00000000 136 0.00000000 137 0.00000000 138 0.00000000 139 0.00000000 140 0.00000000 141 0.00000000 142 0.00000000 143 0.00000000 144 0.00000000 145 0.00000000 146 0.00000000 147 0.00000000 148 0.00000000 149 0.00000000 150 0.00000000 151 0.00000000 152 0.00000000 153 0.00000000 154 0.00000000 155 0.00000000 156 0.00000000 157 0.00000000 158 0.00000000 159 0.00000000 160 0.00000000 161 0.00000000 162 0.00000000 163 0.00000000 164 0.00000000 165 0.00000000 166 0.00000000 167 0.00000000 168 0.00000000 169 0.00000000 170 0.00000000 171 0.00000000 172 0.00000000 173 0.00000000 174 0.00000000 175 0.00000000 176 0.00000000 177 0.00000000 178 0.00000000 179 0.00000000 180 0.00000000 181 0.00000000 182 0.00000000 183 0.00000000 184 0.00000000 185 0.00000000 186 0.00000000 ; 

param e_dl :=1 -6.28318531 2 -6.28318531 3 -6.28318531 4 -6.28318531 5 -6.28318531 6 -6.28318531 7 -6.28318531 8 -6.28318531 9 -6.28318531 10 -6.28318531 11 -6.28318531 12 -6.28318531 13 -6.28318531 14 -6.28318531 15 -6.28318531 16 -6.28318531 17 -6.28318531 18 -6.28318531 19 -6.28318531 20 -6.28318531 21 -6.28318531 22 -6.28318531 23 -6.28318531 24 -6.28318531 25 -6.28318531 26 -6.28318531 27 -6.28318531 28 -6.28318531 29 -6.28318531 30 -6.28318531 31 -6.28318531 32 -6.28318531 33 -6.28318531 34 -6.28318531 35 -6.28318531 36 -6.28318531 37 -6.28318531 38 -6.28318531 39 -6.28318531 40 -6.28318531 41 -6.28318531 42 -6.28318531 43 -6.28318531 44 -6.28318531 45 -6.28318531 46 -6.28318531 47 -6.28318531 48 -6.28318531 49 -6.28318531 50 -6.28318531 51 -6.28318531 52 -6.28318531 53 -6.28318531 54 -6.28318531 55 -6.28318531 56 -6.28318531 57 -6.28318531 58 -6.28318531 59 -6.28318531 60 -6.28318531 61 -6.28318531 62 -6.28318531 63 -6.28318531 64 -6.28318531 65 -6.28318531 66 -6.28318531 67 -6.28318531 68 -6.28318531 69 -6.28318531 70 -6.28318531 71 -6.28318531 72 -6.28318531 73 -6.28318531 74 -6.28318531 75 -6.28318531 76 -6.28318531 77 -6.28318531 78 -6.28318531 79 -6.28318531 80 -6.28318531 81 -6.28318531 82 -6.28318531 83 -6.28318531 84 -6.28318531 85 -6.28318531 86 -6.28318531 87 -6.28318531 88 -6.28318531 89 -6.28318531 90 -6.28318531 91 -6.28318531 92 -6.28318531 93 -6.28318531 94 -6.28318531 95 -6.28318531 96 -6.28318531 97 -6.28318531 98 -6.28318531 99 -6.28318531 100 -6.28318531 101 -6.28318531 102 -6.28318531 103 -6.28318531 104 -6.28318531 105 -6.28318531 106 -6.28318531 107 -6.28318531 108 -6.28318531 109 -6.28318531 110 -6.28318531 111 -6.28318531 112 -6.28318531 113 -6.28318531 114 -6.28318531 115 -6.28318531 116 -6.28318531 117 -6.28318531 118 -6.28318531 119 -6.28318531 120 -6.28318531 121 -6.28318531 122 -6.28318531 123 -6.28318531 124 -6.28318531 125 -6.28318531 126 -6.28318531 127 -6.28318531 128 -6.28318531 129 -6.28318531 130 -6.28318531 131 -6.28318531 132 -6.28318531 133 -6.28318531 134 -6.28318531 135 -6.28318531 136 -6.28318531 137 -6.28318531 138 -6.28318531 139 -6.28318531 140 -6.28318531 141 -6.28318531 142 -6.28318531 143 -6.28318531 144 -6.28318531 145 -6.28318531 146 -6.28318531 147 -6.28318531 148 -6.28318531 149 -6.28318531 150 -6.28318531 151 -6.28318531 152 -6.28318531 153 -6.28318531 154 -6.28318531 155 -6.28318531 156 -6.28318531 157 -6.28318531 158 -6.28318531 159 -6.28318531 160 -6.28318531 161 -6.28318531 162 -6.28318531 163 -6.28318531 164 -6.28318531 165 -6.28318531 166 -6.28318531 167 -6.28318531 168 -6.28318531 169 -6.28318531 170 -6.28318531 171 -6.28318531 172 -6.28318531 173 -6.28318531 174 -6.28318531 175 -6.28318531 176 -6.28318531 177 -6.28318531 178 -6.28318531 179 -6.28318531 180 -6.28318531 181 -6.28318531 182 -6.28318531 183 -6.28318531 184 -6.28318531 185 -6.28318531 186 -6.28318531 ; 
param e_du :=1 6.28318531 2 6.28318531 3 6.28318531 4 6.28318531 5 6.28318531 6 6.28318531 7 6.28318531 8 6.28318531 9 6.28318531 10 6.28318531 11 6.28318531 12 6.28318531 13 6.28318531 14 6.28318531 15 6.28318531 16 6.28318531 17 6.28318531 18 6.28318531 19 6.28318531 20 6.28318531 21 6.28318531 22 6.28318531 23 6.28318531 24 6.28318531 25 6.28318531 26 6.28318531 27 6.28318531 28 6.28318531 29 6.28318531 30 6.28318531 31 6.28318531 32 6.28318531 33 6.28318531 34 6.28318531 35 6.28318531 36 6.28318531 37 6.28318531 38 6.28318531 39 6.28318531 40 6.28318531 41 6.28318531 42 6.28318531 43 6.28318531 44 6.28318531 45 6.28318531 46 6.28318531 47 6.28318531 48 6.28318531 49 6.28318531 50 6.28318531 51 6.28318531 52 6.28318531 53 6.28318531 54 6.28318531 55 6.28318531 56 6.28318531 57 6.28318531 58 6.28318531 59 6.28318531 60 6.28318531 61 6.28318531 62 6.28318531 63 6.28318531 64 6.28318531 65 6.28318531 66 6.28318531 67 6.28318531 68 6.28318531 69 6.28318531 70 6.28318531 71 6.28318531 72 6.28318531 73 6.28318531 74 6.28318531 75 6.28318531 76 6.28318531 77 6.28318531 78 6.28318531 79 6.28318531 80 6.28318531 81 6.28318531 82 6.28318531 83 6.28318531 84 6.28318531 85 6.28318531 86 6.28318531 87 6.28318531 88 6.28318531 89 6.28318531 90 6.28318531 91 6.28318531 92 6.28318531 93 6.28318531 94 6.28318531 95 6.28318531 96 6.28318531 97 6.28318531 98 6.28318531 99 6.28318531 100 6.28318531 101 6.28318531 102 6.28318531 103 6.28318531 104 6.28318531 105 6.28318531 106 6.28318531 107 6.28318531 108 6.28318531 109 6.28318531 110 6.28318531 111 6.28318531 112 6.28318531 113 6.28318531 114 6.28318531 115 6.28318531 116 6.28318531 117 6.28318531 118 6.28318531 119 6.28318531 120 6.28318531 121 6.28318531 122 6.28318531 123 6.28318531 124 6.28318531 125 6.28318531 126 6.28318531 127 6.28318531 128 6.28318531 129 6.28318531 130 6.28318531 131 6.28318531 132 6.28318531 133 6.28318531 134 6.28318531 135 6.28318531 136 6.28318531 137 6.28318531 138 6.28318531 139 6.28318531 140 6.28318531 141 6.28318531 142 6.28318531 143 6.28318531 144 6.28318531 145 6.28318531 146 6.28318531 147 6.28318531 148 6.28318531 149 6.28318531 150 6.28318531 151 6.28318531 152 6.28318531 153 6.28318531 154 6.28318531 155 6.28318531 156 6.28318531 157 6.28318531 158 6.28318531 159 6.28318531 160 6.28318531 161 6.28318531 162 6.28318531 163 6.28318531 164 6.28318531 165 6.28318531 166 6.28318531 167 6.28318531 168 6.28318531 169 6.28318531 170 6.28318531 171 6.28318531 172 6.28318531 173 6.28318531 174 6.28318531 175 6.28318531 176 6.28318531 177 6.28318531 178 6.28318531 179 6.28318531 180 6.28318531 181 6.28318531 182 6.28318531 183 6.28318531 184 6.28318531 185 6.28318531 186 6.28318531 ; 

param pGl :=1 1 0.00000000 4 1 0.00000000 6 1 0.00000000 8 1 0.00000000 10 1 0.00000000 12 1 0.00000000 15 1 0.00000000 18 1 0.00000000 19 1 0.00000000 24 1 0.00000000 25 1 0.00000000 26 1 0.00000000 27 1 0.00000000 31 1 0.00000000 32 1 0.00000000 34 1 0.00000000 36 1 0.00000000 40 1 0.00000000 42 1 0.00000000 46 1 0.00000000 49 1 0.00000000 54 1 0.00000000 55 1 0.00000000 56 1 0.00000000 59 1 0.00000000 61 1 0.00000000 62 1 0.00000000 65 1 0.00000000 66 1 0.00000000 69 1 0.00000000 70 1 0.00000000 72 1 0.00000000 73 1 0.00000000 74 1 0.00000000 76 1 0.00000000 77 1 0.00000000 80 1 0.00000000 85 1 0.00000000 87 1 0.00000000 89 1 0.00000000 90 1 0.00000000 91 1 0.00000000 92 1 0.00000000 99 1 0.00000000 100 1 0.00000000 103 1 0.00000000 104 1 0.00000000 105 1 0.00000000 107 1 0.00000000 110 1 0.00000000 111 1 0.00000000 112 1 0.00000000 113 1 0.00000000 116 1 0.00000000 ; 
param pGu :=1 1 1.00000000 4 1 1.00000000 6 1 1.00000000 8 1 1.00000000 10 1 5.50000000 12 1 1.85000000 15 1 1.00000000 18 1 1.00000000 19 1 1.00000000 24 1 1.00000000 25 1 3.20000000 26 1 4.14000000 27 1 1.00000000 31 1 1.07000000 32 1 1.00000000 34 1 1.00000000 36 1 1.00000000 40 1 1.00000000 42 1 1.00000000 46 1 1.19000000 49 1 3.04000000 54 1 1.48000000 55 1 1.00000000 56 1 1.00000000 59 1 2.55000000 61 1 2.60000000 62 1 1.00000000 65 1 4.91000000 66 1 4.92000000 69 1 8.05200000 70 1 1.00000000 72 1 1.00000000 73 1 1.00000000 74 1 1.00000000 76 1 1.00000000 77 1 1.00000000 80 1 5.77000000 85 1 1.00000000 87 1 1.04000000 89 1 7.07000000 90 1 1.00000000 91 1 1.00000000 92 1 1.00000000 99 1 1.00000000 100 1 3.52000000 103 1 1.40000000 104 1 1.00000000 105 1 1.00000000 107 1 1.00000000 110 1 1.00000000 111 1 1.36000000 112 1 1.00000000 113 1 1.00000000 116 1 1.00000000 ; 
param qGl :=1 1 -0.05000000 4 1 -3.00000000 6 1 -0.13000000 8 1 -3.00000000 10 1 -1.47000000 12 1 -0.35000000 15 1 -0.10000000 18 1 -0.16000000 19 1 -0.08000000 24 1 -3.00000000 25 1 -0.47000000 26 1 -10.00000000 27 1 -3.00000000 31 1 -3.00000000 32 1 -0.14000000 34 1 -0.08000000 36 1 -0.08000000 40 1 -3.00000000 42 1 -3.00000000 46 1 -1.00000000 49 1 -0.85000000 54 1 -3.00000000 55 1 -0.08000000 56 1 -0.08000000 59 1 -0.60000000 61 1 -1.00000000 62 1 -0.20000000 65 1 -0.67000000 66 1 -0.67000000 69 1 -3.00000000 70 1 -0.10000000 72 1 -1.00000000 73 1 -1.00000000 74 1 -0.06000000 76 1 -0.08000000 77 1 -0.20000000 80 1 -1.65000000 85 1 -0.08000000 87 1 -1.00000000 89 1 -2.10000000 90 1 -3.00000000 91 1 -1.00000000 92 1 -0.03000000 99 1 -1.00000000 100 1 -0.50000000 103 1 -0.15000000 104 1 -0.08000000 105 1 -0.08000000 107 1 -2.00000000 110 1 -0.08000000 111 1 -1.00000000 112 1 -1.00000000 113 1 -1.00000000 116 1 -10.00000000 ; 
param qGu :=1 1 0.15000000 4 1 3.00000000 6 1 0.50000000 8 1 3.00000000 10 1 2.00000000 12 1 1.20000000 15 1 0.30000000 18 1 0.50000000 19 1 0.24000000 24 1 3.00000000 25 1 1.40000000 26 1 10.00000000 27 1 3.00000000 31 1 3.00000000 32 1 0.42000000 34 1 0.24000000 36 1 0.24000000 40 1 3.00000000 42 1 3.00000000 46 1 1.00000000 49 1 2.10000000 54 1 3.00000000 55 1 0.23000000 56 1 0.15000000 59 1 1.80000000 61 1 3.00000000 62 1 0.20000000 65 1 2.00000000 66 1 2.00000000 69 1 3.00000000 70 1 0.32000000 72 1 1.00000000 73 1 1.00000000 74 1 0.09000000 76 1 0.23000000 77 1 0.70000000 80 1 2.80000000 85 1 0.23000000 87 1 10.00000000 89 1 3.00000000 90 1 3.00000000 91 1 1.00000000 92 1 0.09000000 99 1 1.00000000 100 1 1.55000000 103 1 0.40000000 104 1 0.23000000 105 1 0.23000000 107 1 2.00000000 110 1 0.23000000 111 1 10.00000000 112 1 10.00000000 113 1 2.00000000 116 1 10.00000000 ; 

param c2 :=1 1 100.00000000 4 1 100.00000000 6 1 100.00000000 8 1 100.00000000 10 1 222.22222200 12 1 1176.47059000 15 1 100.00000000 18 1 100.00000000 19 1 100.00000000 24 1 100.00000000 25 1 454.54545500 26 1 318.47133800 27 1 100.00000000 31 1 14285.71430000 32 1 100.00000000 34 1 100.00000000 36 1 100.00000000 40 1 100.00000000 42 1 100.00000000 46 1 5263.15789000 49 1 490.19607800 54 1 2083.33333000 55 1 100.00000000 56 1 100.00000000 59 1 645.16129000 61 1 625.00000000 62 1 100.00000000 65 1 255.75447600 66 1 255.10204100 69 1 193.64833500 70 1 100.00000000 72 1 100.00000000 73 1 100.00000000 74 1 100.00000000 76 1 100.00000000 77 1 100.00000000 80 1 209.64360600 85 1 100.00000000 87 1 25000.00000000 89 1 164.74464600 90 1 100.00000000 91 1 100.00000000 92 1 100.00000000 99 1 100.00000000 100 1 396.82539700 103 1 2500.00000000 104 1 100.00000000 105 1 100.00000000 107 1 100.00000000 110 1 100.00000000 111 1 2777.77778000 112 1 100.00000000 113 1 100.00000000 116 1 100.00000000 ; 
param c1 :=1 1 4000.00000000 4 1 4000.00000000 6 1 4000.00000000 8 1 4000.00000000 10 1 2000.00000000 12 1 2000.00000000 15 1 4000.00000000 18 1 4000.00000000 19 1 4000.00000000 24 1 4000.00000000 25 1 2000.00000000 26 1 2000.00000000 27 1 4000.00000000 31 1 2000.00000000 32 1 4000.00000000 34 1 4000.00000000 36 1 4000.00000000 40 1 4000.00000000 42 1 4000.00000000 46 1 2000.00000000 49 1 2000.00000000 54 1 2000.00000000 55 1 4000.00000000 56 1 4000.00000000 59 1 2000.00000000 61 1 2000.00000000 62 1 4000.00000000 65 1 2000.00000000 66 1 2000.00000000 69 1 2000.00000000 70 1 4000.00000000 72 1 4000.00000000 73 1 4000.00000000 74 1 4000.00000000 76 1 4000.00000000 77 1 4000.00000000 80 1 2000.00000000 85 1 4000.00000000 87 1 2000.00000000 89 1 2000.00000000 90 1 4000.00000000 91 1 4000.00000000 92 1 4000.00000000 99 1 4000.00000000 100 1 2000.00000000 103 1 2000.00000000 104 1 4000.00000000 105 1 4000.00000000 107 1 4000.00000000 110 1 4000.00000000 111 1 2000.00000000 112 1 4000.00000000 113 1 4000.00000000 116 1 4000.00000000 ; 
param c0 :=1 1 0.00000000 4 1 0.00000000 6 1 0.00000000 8 1 0.00000000 10 1 0.00000000 12 1 0.00000000 15 1 0.00000000 18 1 0.00000000 19 1 0.00000000 24 1 0.00000000 25 1 0.00000000 26 1 0.00000000 27 1 0.00000000 31 1 0.00000000 32 1 0.00000000 34 1 0.00000000 36 1 0.00000000 40 1 0.00000000 42 1 0.00000000 46 1 0.00000000 49 1 0.00000000 54 1 0.00000000 55 1 0.00000000 56 1 0.00000000 59 1 0.00000000 61 1 0.00000000 62 1 0.00000000 65 1 0.00000000 66 1 0.00000000 69 1 0.00000000 70 1 0.00000000 72 1 0.00000000 73 1 0.00000000 74 1 0.00000000 76 1 0.00000000 77 1 0.00000000 80 1 0.00000000 85 1 0.00000000 87 1 0.00000000 89 1 0.00000000 90 1 0.00000000 91 1 0.00000000 92 1 0.00000000 99 1 0.00000000 100 1 0.00000000 103 1 0.00000000 104 1 0.00000000 105 1 0.00000000 107 1 0.00000000 110 1 0.00000000 111 1 0.00000000 112 1 0.00000000 113 1 0.00000000 116 1 0.00000000 ; 
