param baseMVA := 100; 
param nv := 6; 
param ne := 11; 
param ng := 3; 

set gi := 1  1  2  1  3  1 ; 

param slack := 1; 
param angslack := 0.00000000; 

param pL :=1 0.00000000 2 0.00000000 3 0.00000000 4 0.70000000 5 0.70000000 6 0.70000000 ; 
param qL :=1 0.00000000 2 0.00000000 3 0.00000000 4 0.70000000 5 0.70000000 6 0.70000000 ; 

param vL :=1 1.05000000 2 1.05000000 3 1.07000000 4 0.95000000 5 0.95000000 6 0.95000000 ; 
param vU :=1 1.05000000 2 1.05000000 3 1.07000000 4 1.05000000 5 1.05000000 6 1.05000000 ; 

param gs :=1 0.00000000 2 0.00000000 3 0.00000000 4 0.00000000 5 0.00000000 6 0.00000000 ; 
param bs :=1 0.00000000 2 0.00000000 3 0.00000000 4 0.00000000 5 0.00000000 6 0.00000000 ; 

param fr :=1 1 2 1 3 1 4 2 5 2 6 2 7 2 8 3 9 3 10 4 11 5 ; 
param to :=1 2 2 4 3 5 4 3 5 4 6 5 7 6 8 5 9 6 10 5 11 6 ; 

param Y : Y11r Y11i Y12r Y12i Y21r Y21i Y22r Y22i := 
1 2.00000000 3.98000000 2.00000000 4.00000000 2.00000000 4.00000000 2.00000000 3.98000000 
2 1.17647059 4.68588235 1.17647059 4.70588235 1.17647059 4.70588235 1.17647059 4.68588235 
3 0.82987552 3.08203320 0.82987552 3.11203320 0.82987552 3.11203320 0.82987552 3.08203320 
4 0.76923077 3.81615385 0.76923077 3.84615385 0.76923077 3.84615385 0.76923077 3.81615385 
5 4.00000000 7.99000000 4.00000000 8.00000000 4.00000000 8.00000000 4.00000000 7.99000000 
6 1.00000000 2.98000000 1.00000000 3.00000000 1.00000000 3.00000000 1.00000000 2.98000000 
7 1.55902004 4.42934298 1.55902004 4.45434298 1.55902004 4.45434298 1.55902004 4.42934298 
8 1.46341463 3.14573171 1.46341463 3.17073171 1.46341463 3.17073171 1.46341463 3.14573171 
9 1.92307692 9.60538462 1.92307692 9.61538462 1.92307692 9.61538462 1.92307692 9.60538462 
10 1.00000000 1.96000000 1.00000000 2.00000000 1.00000000 2.00000000 1.00000000 1.96000000 
11 1.00000000 2.97000000 1.00000000 3.00000000 1.00000000 3.00000000 1.00000000 2.97000000 
; 
param e_con :=1 2.00000000 2 1.17647059 3 0.82987552 4 0.76923077 5 4.00000000 6 1.00000000 7 1.55902004 8 1.46341463 9 1.92307692 10 1.00000000 11 1.00000000 ; 
param e_sus :=1 -4.00000000 2 -4.70588235 3 -3.11203320 4 -3.84615385 5 -8.00000000 6 -3.00000000 7 -4.45434298 8 -3.17073171 9 -9.61538462 10 -2.00000000 11 -3.00000000 ; 
param e_bsh :=1 0.04000000 2 0.04000000 3 0.06000000 4 0.06000000 5 0.02000000 6 0.04000000 7 0.05000000 8 0.05000000 9 0.02000000 10 0.08000000 11 0.06000000 ; 
param e_su :=1 0.40000000 2 0.60000000 3 0.40000000 4 0.40000000 5 0.60000000 6 0.30000000 7 0.90000000 8 0.70000000 9 0.80000000 10 0.20000000 11 0.40000000 ; 

param e_dl :=1 -6.28318531 2 -6.28318531 3 -6.28318531 4 -6.28318531 5 -6.28318531 6 -6.28318531 7 -6.28318531 8 -6.28318531 9 -6.28318531 10 -6.28318531 11 -6.28318531 ; 
param e_du :=1 6.28318531 2 6.28318531 3 6.28318531 4 6.28318531 5 6.28318531 6 6.28318531 7 6.28318531 8 6.28318531 9 6.28318531 10 6.28318531 11 6.28318531 ; 

param pGl :=1 1 0.50000000 2 1 0.37500000 3 1 0.45000000 ; 
param pGu :=1 1 2.00000000 2 1 1.50000000 3 1 1.80000000 ; 
param qGl :=1 1 -1.00000000 2 1 -1.00000000 3 1 -1.00000000 ; 
param qGu :=1 1 1.00000000 2 1 1.00000000 3 1 1.00000000 ; 

param c2 :=1 1 53.30000000 2 1 88.90000000 3 1 74.10000000 ; 
param c1 :=1 1 1166.90000000 2 1 1033.30000000 3 1 1083.30000000 ; 
param c0 :=1 1 213.10000000 2 1 200.00000000 3 1 240.00000000 ; 
